@v_choice
$Dim[89]
#
%0.0,0.0106065,0.010506,0.015553,0.00673263,0.0113924,0.0112892,0.00398063,0.0156222,2.18797e-06,0.0048104,0.0245307,0.0,0.0,2.54947e-05,2.54336e-05,6.049e-06,0.0164077,0.0073062,0.0275812,0.000153573,0.0168013,3.96972e-06,0.000713438,0.0,0.0214052,0.0471458,0.0124205,0.0123075,0.00574923,0.0,0.0,0.0200617,0.0,0.0666801,0.0395775,0.0226423,0.008874,0.000292351,1.23485e-32,1.23485e-32,1.23947e-32,0.0288276,0.00544775,0.00239158,0.0254581,0.0131421,0.0105455,0.00874851,0.0683434,8.46559e-05,8.43024e-05,0.0113075,0.0102526,0.0080825,0.0245073,0.0,0.00606089,0.0257771,1.30113e-11,1.30113e-11,0.0424774,0.0392971,0.0057747,0.00571683,0.0,0.00463921,0.00390331,0.0,0.0127038,0.0125334,7.35345e-05,4.24769e-06,0.0382435,0.00422832,0.00570174,1.35348e-10,0.00907108,0.0139731,0.00489941,0.00657131,0.0106522,0.00046355,0.0113361,0.0112332,0.0108369,0.0105064,1.02571e-05,0.0448816
@j_choice
$Dim[15]
#
%0.106373,0.0970714,0.0292693,0.0435641,0.0955928,3.47924e-06,0.0312137,0.117468,0.0587324,0.0853616,0.0209779,0.0843258,0.015089,0.207431,0.00752677
@d_gene
$Dim[15,3]
#[j_choice,0]
%0.716269,0.170842,0.112889
#[j_choice,1]
%0.764272,0.138623,0.0971052
#[j_choice,2]
%0.692665,0.144268,0.163066
#[j_choice,3]
%0.738907,0.153679,0.107414
#[j_choice,4]
%0.755598,0.136841,0.107561
#[j_choice,5]
%0.311554,0.397495,0.29095
#[j_choice,6]
%0.738033,0.139157,0.12281
#[j_choice,7]
%0.206161,0.337532,0.456307
#[j_choice,8]
%0.356725,0.303785,0.339489
#[j_choice,9]
%0.235538,0.397901,0.366561
#[j_choice,10]
%0.410833,0.276973,0.312194
#[j_choice,11]
%0.319561,0.355277,0.325162
#[j_choice,12]
%0.591787,0.204043,0.20417
#[j_choice,13]
%0.418347,0.227521,0.354132
#[j_choice,14]
%0.423137,0.220142,0.356721
@v_3_del
$Dim[89,21]
#[v_choice,0]
%0.0,0.0,0.0,0.0,0.0,0.0,0.0,0.0,0.0,0.0,0.0,0.0,0.0,0.0,0.0,0.0,0.0,0.0,0.0,0.0,0.0
#[v_choice,1]
%0.000365323,0.000754566,0.00907606,0.0198464,0.0344075,0.0318382,0.0758253,0.0958399,0.0949078,0.0608462,0.160996,0.140887,0.104527,0.0453121,0.0673464,0.0387283,0.00725304,0.00124748,0.00243908,0.00449931,0.00305698
#[v_choice,2]
%0.000366908,0.00075762,0.00911854,0.0199327,0.0345429,0.0318961,0.0760846,0.09608,0.095015,0.0608202,0.161381,0.140958,0.104384,0.0450383,0.0670375,0.0384706,0.00707396,0.00118652,0.00236275,0.0044543,0.00303888
#[v_choice,3]
%0.000411166,0.000845142,0.0089832,0.0233076,0.0300712,0.0386897,0.067563,0.110451,0.0991177,0.0661775,0.152714,0.135822,0.112656,0.040258,0.0559841,0.0360222,0.00734874,0.00404752,0.0023108,0.00329915,0.00392009
#[v_choice,4]
%0.000311406,0.0010626,0.0109846,0.0205337,0.0263329,0.0207999,0.0746111,0.108553,0.0867744,0.0657586,0.167226,0.154943,0.0995901,0.0481276,0.071384,0.0246394,0.0071022,0.00201883,0.00107858,0.00307408,0.0050933
#[v_choice,5]
%0.00186682,0.000112505,0.012153,0.0251841,0.0422409,0.0276954,0.0707552,0.0886886,0.0984147,0.0471876,0.139627,0.145889,0.0905793,0.030393,0.0817813,0.0685367,0.00794107,0.00244128,0.00185294,0.00620781,0.0104522
#[v_choice,6]
%0.00187777,0.00011261,0.0122199,0.0253004,0.0423962,0.0277142,0.0709684,0.0888859,0.0985302,0.0471039,0.139917,0.145974,0.090405,0.0301015,0.0816019,0.0683895,0.00777261,0.0023418,0.00178455,0.00615718,0.0104457
#[v_choice,7]
%0.0,0.00177513,0.00164043,0.0102458,0.00420913,0.103704,0.113003,0.0813002,0.15593,0.310228,0.0595477,0.050621,0.0315821,0.0139821,0.0277229,0.015485,0.00793401,0.00236162,0.00357745,0.00345979,0.00169017
#[v_choice,8]
%0.000139601,0.00101006,0.00871434,0.0275656,0.0245146,0.127623,0.100856,0.0887544,0.140299,0.295174,0.0599411,0.0493964,0.0310259,0.0107112,0.012218,0.0110921,0.00336814,0.000511838,0.000843479,0.00182129,0.00441922
#[v_choice,9]
%0.0,0.0,0.0,0.0,0.0,0.0,0.0,0.999546,0.000453396,1.45478e-07,2.73099e-11,1.72179e-14,1.19254e-18,1.48996e-22,5.60747e-26,2.37965e-30,7.15999e-33,7.83462e-37,8.28812e-41,2.60243e-45,0.0
#[v_choice,10]
%0.000608309,0.00161272,0.0161411,0.0336652,0.0278262,0.131803,0.0825213,0.0828821,0.118656,0.310823,0.0718784,0.0413745,0.04573,0.0104649,0.00440891,0.0132908,0.00106079,0.00167914,0.00185072,0.00170606,1.64844e-05
#[v_choice,11]
%0.000117548,0.00124186,0.00683994,0.0295618,0.0290398,0.115721,0.0975457,0.0822118,0.130342,0.289501,0.0579978,0.0578247,0.0422425,0.01098,0.0188406,0.0166769,0.0032003,0.00179312,0.00143969,0.00288105,0.00400034
#[v_choice,12]
%0.0,0.0,0.0,0.0,0.0,0.0,0.0,0.0,0.0,0.0,0.0,0.0,0.0,0.0,0.0,0.0,0.0,0.0,0.0,0.0,0.0
#[v_choice,13]
%0.0,0.0,0.0,0.0,0.0,0.0,0.0,0.0,0.0,0.0,0.0,0.0,0.0,0.0,0.0,0.0,0.0,0.0,0.0,0.0,0.0
#[v_choice,14]
%0.0,0.0,0.0,0.0,0.0,0.0,0.0,0.0,0.0,0.0,0.227961,0.0001098,2.51353e-09,1.10495e-13,0.0,0.0,0.0,0.0,0.0,0.0,0.771929
#[v_choice,15]
%0.0,0.0,0.0,0.0,0.0,0.0,0.0,0.0,0.0,0.0,0.227981,9.80239e-05,0.0,0.0,0.0,0.0,0.0,0.0,0.0,0.0,0.771921
#[v_choice,16]
%0.0,0.0,0.0,0.0,0.0,0.0,0.0,0.0,0.0,0.0,0.95857,0.000412152,0.0,0.0,0.0,0.0,0.0,0.0,0.0,0.0,0.0410181
#[v_choice,17]
%3.51024e-06,0.000200452,0.0514766,0.060171,0.0290282,0.0583675,0.174427,0.084576,0.0815238,0.134953,0.110693,0.101092,0.0229251,0.0372233,0.0149534,0.0116899,0.0111503,0.00300659,0.00280552,0.00258448,0.00714946
#[v_choice,18]
%0.00101478,0.000637594,0.00399019,0.00575324,0.0095527,0.0911127,0.0928668,0.0858424,0.141994,0.322838,0.0720093,0.0522985,0.039713,0.0147793,0.0155164,0.0142598,0.00279192,0.000819698,3.17764e-05,8.52351e-06,0.0321688
#[v_choice,19]
%0.000463072,0.00250341,0.0101608,0.0886172,0.10458,0.161801,0.0846986,0.11209,0.182714,0.10892,0.0415266,0.0289114,0.0284063,0.0126604,0.015329,0.00636092,0.00198277,0.000763793,0.000784023,0.00278486,0.00394176
#[v_choice,20]
%1.39084e-08,0.00350476,0.100943,0.00116878,0.00226512,0.179543,0.188609,0.107035,0.0371651,0.16804,0.0775837,5.36109e-05,0.0867409,0.000619465,0.0238701,1.39156e-06,3.58953e-10,0.022855,1.83381e-06,1.02964e-10,7.81829e-15
#[v_choice,21]
%0.000330255,0.0033828,0.0170081,0.119101,0.0522038,0.166551,0.0896621,0.136899,0.0787855,0.13151,0.0411244,0.0394783,0.0574896,0.0283074,0.0128354,0.0150948,0.00393164,0.000199331,0.000530677,0.00204084,0.00353286
#[v_choice,22]
%0.0,0.0,0.0,0.0,0.0,0.0,0.0,0.0,0.0,0.0,0.0,0.0,0.0,0.0,0.0,0.0,0.0,0.0,0.0,0.0,1.0
#[v_choice,23]
%0.0,0.0,0.0022072,0.0503056,0.0385471,0.226758,0.0944394,0.124288,0.222236,0.0988042,0.06094,0.042803,0.00347407,0.00725025,0.0181887,1.2712e-06,3.94227e-09,5.79463e-29,0.0,0.0090637,0.000693983
#[v_choice,24]
%0.0,0.0,0.0,0.0,0.0,0.0,0.0,0.0,0.0,0.0,0.0,0.0,0.0,0.0,0.0,0.0,0.0,0.0,0.0,0.0,0.0
#[v_choice,25]
%0.000219106,0.000875572,0.00505648,0.0404614,0.0306136,0.0875566,0.150336,0.22889,0.162475,0.0825336,0.114254,0.0229994,0.0445008,0.00922142,0.00855125,0.00426593,0.00165096,0.000330799,0.000898644,0.00152552,0.00278351
#[v_choice,26]
%0.000830518,0.00165586,0.00614261,0.00732953,0.00892308,0.0451055,0.0343286,0.15481,0.0758508,0.156114,0.0802203,0.140699,0.0568653,0.0806871,0.0656703,0.0445301,0.00794238,0.00507886,0.00434638,0.00704282,0.0158271
#[v_choice,27]
%0.00407401,0.00138519,0.0028315,0.0104373,0.00868933,0.0254571,0.0759927,0.082581,0.114731,0.082856,0.185441,0.149091,0.101544,0.0516304,0.0451722,0.0347841,0.00494931,0.00132747,0.00131605,0.00422656,0.0114831
#[v_choice,28]
%0.00409584,0.00138699,0.00283943,0.0104779,0.00871109,0.0255722,0.0763076,0.0827855,0.114968,0.0829025,0.185855,0.149104,0.101327,0.0513069,0.0448067,0.0345108,0.0048088,0.00126033,0.00126679,0.00420245,0.0115035
#[v_choice,29]
%0.0,2.1359e-06,0.000102656,0.0106728,0.0014227,0.0095497,0.020538,0.0907417,0.0609787,0.138509,0.201884,0.106736,0.0508691,0.0996992,0.0386874,0.0254872,0.0135146,0.0146285,0.0126408,0.00786113,0.0954735
#[v_choice,30]
%0.0,0.0,0.0,0.0,0.0,0.0,0.0,0.0,0.0,0.0,0.0,0.0,0.0,0.0,0.0,0.0,0.0,0.0,0.0,0.0,0.0
#[v_choice,31]
%0.0,0.0,0.0,0.0,0.0,0.0,0.0,0.0,0.0,0.0,0.0,0.0,0.0,0.0,0.0,0.0,0.0,0.0,0.0,0.0,0.0
#[v_choice,32]
%0.000360112,0.00110393,0.00156178,0.01003,0.0338861,0.101664,0.0695593,0.121134,0.134182,0.0948707,0.107029,0.100437,0.0951214,0.0332231,0.0391234,0.029242,0.00612937,0.00368666,0.00237577,0.00286492,0.0124171
#[v_choice,33]
%0.0,0.0,0.0,0.0,0.0,0.0,0.0,0.0,0.0,0.0,0.0,0.0,0.0,0.0,0.0,0.0,0.0,0.0,0.0,0.0,0.0
#[v_choice,34]
%0.00020344,0.00065932,0.00264901,0.0108105,0.0101461,0.0502072,0.0843358,0.10505,0.113264,0.19406,0.124539,0.11205,0.0782702,0.0269572,0.0439399,0.0244292,0.00371468,0.00206918,0.00202695,0.00359478,0.00702412
#[v_choice,35]
%0.000316178,0.000370699,0.00233251,0.0116349,0.0140894,0.0387816,0.0674269,0.135402,0.0962695,0.174289,0.175786,0.0983595,0.0661503,0.0259422,0.0386933,0.0238736,0.00545319,0.00496817,0.00389348,0.00459495,0.0113721
#[v_choice,36]
%0.000571198,0.000895758,0.00694998,0.0169327,0.0145918,0.0332097,0.0491123,0.0848861,0.16321,0.094227,0.14755,0.17818,0.117306,0.0278398,0.0213674,0.0109998,0.00470502,0.00456648,0.00380468,0.00485295,0.0142418
#[v_choice,37]
%0.00145171,0.00218455,0.0148816,0.0343966,0.0293964,0.0626842,0.0720823,0.111263,0.188667,0.0913277,0.137671,0.151529,0.0795367,0.0122175,0.00753548,0.00225745,0.000632461,0.000117684,0.000104083,3.51809e-05,2.90573e-05
#[v_choice,38]
%0.0,0.0,0.00255057,0.00861582,0.044192,0.0143842,0.0304232,0.0574905,0.166519,0.0782028,0.00160145,0.0974646,0.0720327,0.0708746,0.0552372,0.0375302,0.0445713,0.0476665,0.00839844,0.0073056,0.154939
#[v_choice,39]
%0.0,0.0,0.221316,0.000253045,0.678577,0.0143993,0.0,0.0854536,1.23339e-06,0.0,0.0,0.0,0.0,0.0,0.0,0.0,0.0,0.0,0.0,0.0,0.0
#[v_choice,40]
%0.0,0.0,0.221316,0.000253045,0.678577,0.0143993,0.0,0.0854536,1.23339e-06,0.0,0.0,0.0,0.0,0.0,0.0,0.0,0.0,0.0,0.0,0.0,0.0
#[v_choice,41]
%0.0,0.0,0.221192,0.000266126,0.678373,0.0145189,1.36313e-06,0.0856449,3.53278e-06,9.38147e-10,0.0,0.0,0.0,0.0,0.0,0.0,0.0,0.0,0.0,0.0,0.0
#[v_choice,42]
%8.10357e-05,0.00313943,0.0479387,0.0758813,0.0561496,0.0720833,0.149441,0.133029,0.147541,0.121529,0.0608747,0.0452108,0.0471939,0.0116786,0.00386847,0.00307197,0.00362261,0.00229401,0.00489872,0.00181468,0.0086578
#[v_choice,43]
%3.23476e-05,0.00201027,0.0236791,0.0615084,0.0534964,0.0682237,0.143572,0.132223,0.137056,0.13802,0.072724,0.0693051,0.0585794,0.0122219,0.00226159,0.00500986,0.00210397,0.00406829,0.00226476,0.00228994,0.00934969
#[v_choice,44]
%7.35205e-05,0.00431158,0.0497963,0.0912248,0.0537042,0.0797655,0.175368,0.159185,0.153289,0.120669,0.0449379,0.0254662,0.0280472,0.008133,4.89336e-06,0.000535373,9.71207e-05,0.000199338,0.00115309,0.00386566,0.000173354
#[v_choice,45]
%0.000977052,0.00294444,0.0130558,0.106262,0.114413,0.172227,0.0858118,0.13326,0.167648,0.0901958,0.0326895,0.0219896,0.0225461,0.00757423,0.0128675,0.00829449,0.00153711,0.000762197,0.000957222,0.00113733,0.00284969
#[v_choice,46]
%3.58573e-05,0.00107374,0.0154814,0.112796,0.111711,0.190524,0.0921579,0.139368,0.161872,0.0783726,0.0265416,0.0249406,0.0175449,0.00685774,0.00878319,0.00809877,0.00211329,0.00121938,0.000506947,7.62976e-07,1.87045e-11
#[v_choice,47]
%0.000717621,0.00176017,0.0138016,0.119626,0.106434,0.183231,0.0803656,0.134084,0.15334,0.0706689,0.0258039,0.0305931,0.0339546,0.0117423,0.0132493,0.0124589,0.00597024,0.00207211,0.000124171,8.79595e-07,6.14464e-12
#[v_choice,48]
%0.000862279,0.00211084,0.0160671,0.140861,0.12024,0.203815,0.0838567,0.138275,0.144847,0.0669898,0.0228289,0.0165681,0.0239341,0.00413862,0.00652444,0.00620498,0.00161061,0.000222795,4.2623e-05,3.08452e-07,1.89788e-25
#[v_choice,49]
%0.000241539,0.000619108,0.0104804,0.0103312,0.11046,0.123358,0.0849409,0.135905,0.270423,0.0639492,0.0567058,0.0584631,0.0196062,0.0289486,0.013495,0.00492239,0.00133673,0.000933392,0.000703592,0.000222627,0.00395385
#[v_choice,50]
%0.0,0.0,0.0,0.0,0.0,0.0,0.020438,4.07276e-05,3.55793e-06,0.0,0.0,0.0,0.000169205,3.29936e-08,3.0713e-17,0.0,0.0,0.0,0.0,0.000917176,0.978431
#[v_choice,51]
%0.0,0.0,0.0,0.0,0.0,0.0,0.0205203,4.00071e-05,3.26858e-06,0.0,0.0,0.0,0.000168497,3.00606e-11,0.0,0.0,0.0,0.0,0.0,0.00088405,0.978384
#[v_choice,52]
%0.000484976,0.000619643,0.006099,0.00586335,0.0888971,0.135407,0.101539,0.139243,0.291972,0.080323,0.0498463,0.0374427,0.0156796,0.0130033,0.0157358,0.00299349,0.00190654,0.00140397,0.00123518,0.00277046,0.00753466
#[v_choice,53]
%0.000533148,0.000681147,0.00670227,0.00643363,0.0976975,0.144834,0.10623,0.143485,0.298502,0.0834776,0.0464721,0.0301449,0.0101997,0.0113296,0.0105869,0.00155957,0.000133732,7.3732e-05,0.000258854,0.000470912,0.000193372
#[v_choice,54]
%3.92464e-05,0.000169001,0.00813054,0.00631321,0.0917898,0.147786,0.11462,0.129634,0.295113,0.0711051,0.0562908,0.0300437,0.0102751,0.0142656,0.00915636,0.00553902,0.000957423,0.000766763,0.000516741,0.00279811,0.00469055
#[v_choice,55]
%0.000565856,0.000124992,0.0034013,0.00583928,0.0930103,0.156054,0.0998219,0.147573,0.297036,0.0723974,0.0524533,0.030416,0.00841418,0.0125403,0.0111891,0.00324789,0.000788921,0.00112452,0.000734641,0.000705235,0.00256237
#[v_choice,56]
%0.0,0.0,0.0,0.0,0.0,0.0,0.0,0.0,0.0,0.0,0.0,0.0,0.0,0.0,0.0,0.0,0.0,0.0,0.0,0.0,0.0
#[v_choice,57]
%0.000298126,0.000173458,0.0100355,0.00830932,0.0740698,0.149464,0.104193,0.125578,0.299065,0.0783394,0.0541938,0.0398849,0.021151,0.0132092,0.0132411,0.0020274,0.00266528,5.14434e-06,0.000407645,0.000280954,0.00340819
#[v_choice,58]
%0.00237184,0.00136204,0.00614684,0.0152445,0.0192356,0.0572596,0.132243,0.111108,0.138604,0.085145,0.124323,0.0995618,0.0666819,0.0361321,0.0418079,0.0338407,0.00850086,0.00330581,0.00328719,0.00471757,0.00912019
#[v_choice,59]
%0.0,0.0,0.0,0.0,0.0,0.0,0.0,0.0,0.0,0.0,0.0,0.0,0.0,0.0,1.0,4.25487e-28,5.66988e-42,0.0,0.0,0.0,0.0
#[v_choice,60]
%0.0,0.0,0.0,0.0,0.0,0.0,0.0,0.0,0.0,0.0,0.0,0.0,0.0,0.0,1.0,0.0,0.0,0.0,0.0,0.0,0.0
#[v_choice,61]
%0.000801201,0.00208825,0.0212711,0.0298902,0.0514063,0.0319894,0.120618,0.0883567,0.110979,0.0698162,0.14931,0.119013,0.0789383,0.0297049,0.0503133,0.0243377,0.00380397,0.00256612,0.00189225,0.0037991,0.00910453
#[v_choice,62]
%3.94764e-05,0.00152614,0.0135479,0.0181837,0.023391,0.0288615,0.133717,0.142604,0.0903888,0.112025,0.154479,0.0997408,0.0642101,0.0270613,0.0379831,0.0297981,0.00601252,0.00302321,0.00203038,0.00325959,0.00811669
#[v_choice,63]
%1.25178e-05,0.00205417,0.0114241,0.0179089,0.0218311,0.0229787,0.11356,0.120866,0.091683,0.12604,0.154614,0.121728,0.0713622,0.0242618,0.0408078,0.0323631,0.00442289,0.00437775,0.00565919,0.00464185,0.0074041
#[v_choice,64]
%1.25864e-05,0.00206729,0.0114914,0.0179931,0.0219111,0.0230393,0.114105,0.121197,0.091756,0.126086,0.154774,0.121571,0.0710405,0.0239831,0.0405193,0.0322043,0.00432183,0.00429269,0.00560783,0.00462146,0.00740629
#[v_choice,65]
%0.0,0.0,0.0,0.0,0.0,0.0,0.0,0.0,0.0,0.0,0.0,0.0,0.0,0.0,0.0,0.0,0.0,0.0,0.0,0.0,0.0
#[v_choice,66]
%3.89517e-06,0.00178686,0.0194245,0.022982,0.0240757,0.0227757,0.117166,0.143383,0.0822856,0.0960979,0.177972,0.120135,0.0728561,0.0256273,0.0317878,0.029398,0.00134398,2.45732e-07,0.00225371,0.00399873,0.00464543
#[v_choice,67]
%0.00119703,0.00142542,0.00454754,0.00785925,0.0181808,0.031191,0.116895,0.145419,0.111128,0.105055,0.150499,0.115056,0.0759477,0.0338142,0.0376904,0.0272305,0.00800592,0.000710561,0.000252537,0.00462861,0.00326636
#[v_choice,68]
%0.0,0.0,0.0,0.0,0.0,0.0,0.0,0.0,0.0,0.0,0.0,0.0,0.0,0.0,0.0,0.0,0.0,0.0,0.0,0.0,0.0
#[v_choice,69]
%0.000690201,0.00120395,0.00355001,0.0159493,0.0082865,0.132597,0.127067,0.0771947,0.138104,0.315397,0.0677215,0.0440935,0.0232893,0.00943951,0.0125567,0.00943918,0.00426987,0.00116664,0.000928135,0.0015029,0.00555136
#[v_choice,70]
%0.000698013,0.00121522,0.00358525,0.0161041,0.00835219,0.133859,0.127975,0.0775432,0.138859,0.315495,0.0674916,0.0437258,0.0229522,0.00923617,0.0124011,0.00939612,0.00541832,0.00051859,0.000761475,0.000963724,0.00344898
#[v_choice,71]
%0.0,0.0,0.0,7.69223e-07,0.0349794,3.32854e-05,0.0181543,0.0264483,2.71797e-05,2.41241e-09,2.45153e-12,0.0,0.0,0.0,0.0,0.0,0.0,0.0800923,0.0961546,0.157748,0.586362
#[v_choice,72]
%0.00527519,0.00842655,0.00814985,0.0152765,0.00971446,0.0102721,0.01011,0.00178171,0.00453535,0.255342,0.659988,0.0110368,7.91447e-05,1.10741e-05,6.7215e-07,6.01336e-11,2.15564e-15,4.86802e-20,8.87647e-25,7.06271e-28,9.73843e-34
#[v_choice,73]
%0.000203428,0.0019764,0.0035205,0.0107231,0.00845484,0.0977086,0.143075,0.0640761,0.16118,0.31678,0.0641772,0.0420228,0.0316308,0.0125659,0.0150881,0.013284,0.00427632,0.00103574,0.00145467,0.00313137,0.00363496
#[v_choice,74]
%0.000386582,0.000452562,0.00605214,0.00437855,0.00632203,0.0894831,0.152747,0.0558098,0.176931,0.300582,0.0761585,0.023497,0.0337951,0.0170453,0.0187138,0.0138826,0.00424616,1.38791e-06,8.01017e-05,0.00690464,0.0125306
#[v_choice,75]
%0.000733354,0.00105175,0.00471522,0.0180958,0.0171049,0.100622,0.125971,0.070449,0.154642,0.289785,0.0574298,0.0570399,0.0413761,0.0131506,0.0219498,0.00870762,0.0042383,0.00382382,0.00246831,0.00154894,0.00509605
#[v_choice,76]
%0.987672,0.0121956,7.0004e-07,2.13628e-07,2.53899e-05,0.000106269,2.96083e-08,4.08271e-12,4.87335e-16,5.42856e-15,5.57347e-19,1.25738e-22,1.12192e-23,0.0,3.78115e-21,7.94632e-33,0.0,0.0,0.0,0.0,0.0
#[v_choice,77]
%0.000987365,0.0033538,0.00156224,0.00725695,0.00394686,0.0987026,0.123632,0.0854721,0.165611,0.305931,0.0712154,0.0540192,0.0321582,0.00926538,0.0112143,0.0147389,0.00191931,0.000604719,0.000532797,0.00477893,0.00309665
#[v_choice,78]
%4.97154e-05,0.00229852,0.00316026,0.0237258,0.0116057,0.134655,0.127176,0.0703283,0.137281,0.307967,0.0596757,0.0418853,0.0270395,0.0084605,0.0125197,0.0163494,0.00391775,0.00233482,0.000416943,0.00424263,0.00491013
#[v_choice,79]
%5.48409e-05,0.00199088,0.00558806,0.0077604,0.00694849,0.12362,0.128084,0.0809592,0.12,0.322452,0.0626145,0.0316158,0.0397974,0.0129789,0.0115941,0.0179881,0.010235,0.00457903,0.000988975,0.00235169,0.00779855
#[v_choice,80]
%0.0,0.000886754,0.0022264,0.0146781,0.0134234,0.121728,0.107569,0.107452,0.143747,0.280569,0.065356,0.0433104,0.0339229,0.0160433,0.0128576,0.0158243,0.00792573,0.00372615,0.000769142,0.00208356,0.00590131
#[v_choice,81]
%0.000916829,0.000442971,0.00606006,0.0203335,0.0128519,0.134488,0.124482,0.0655841,0.136093,0.307859,0.054228,0.0475761,0.039305,0.011741,0.0147726,0.0128006,0.00232579,0.00248578,0.000730907,0.000801515,0.00412184
#[v_choice,82]
%2.03038e-06,0.0,8.92845e-06,0.0158498,0.000546884,0.160656,0.108746,0.122232,0.130811,0.305077,0.0421911,0.0045005,0.0456299,0.0377022,0.00844155,0.00475247,0.0128202,3.22308e-05,5.47058e-10,2.58955e-14,1.40048e-18
#[v_choice,83]
%0.000320841,0.000691238,0.00298721,0.0131455,0.0105529,0.117205,0.121795,0.0810412,0.131919,0.308879,0.069134,0.0466861,0.0358843,0.0121061,0.0156688,0.0138903,0.00351975,0.000177457,0.0059273,0.00204657,0.00642266
#[v_choice,84]
%0.000322151,0.000693671,0.0030009,0.0132056,0.0105867,0.117807,0.122172,0.0811002,0.132075,0.309689,0.0687853,0.0461812,0.0354084,0.0118487,0.0154492,0.0137742,0.00344954,0.000169446,0.00588098,0.00201257,0.00638896
#[v_choice,85]
%0.000333932,0.000719037,0.00311064,0.0136886,0.0109738,0.122114,0.126471,0.0823086,0.133117,0.31441,0.0699821,0.0463286,0.0309817,0.0109524,0.0143606,0.0105594,0.00288764,0.000124804,0.00325249,0.00114544,0.00217811
#[v_choice,86]
%0.000344436,0.000741684,0.00320885,0.0140945,0.011181,0.125115,0.129519,0.0832658,0.134361,0.316609,0.0693749,0.0464844,0.0295576,0.00850797,0.0118131,0.00882657,0.00203293,9.9953e-05,0.0029501,0.000626899,0.00128546
#[v_choice,87]
%0.0,3.20817e-06,2.20511e-07,1.34216e-05,5.06224e-06,6.30203e-05,0.224628,0.771222,0.0039873,7.66429e-05,6.17089e-07,2.80441e-07,6.86605e-08,2.22687e-09,5.90132e-08,7.30465e-10,2.09551e-12,0.0,2.7346e-09,7.76323e-14,1.28849e-18
#[v_choice,88]
%0.00275686,0.0014273,0.0115899,0.00484624,0.219907,0.0769453,0.068367,0.159311,0.233301,0.0500597,0.0547744,0.0395104,0.0202114,0.0217249,0.0194072,0.00399141,0.00161314,0.00160111,0.00253967,0.00142608,0.00468954
@d_5_del
$Dim[3,21]
#[d_gene,0]
%0.00429214,0.00577869,0.0511232,0.0210436,0.0859471,0.134067,0.160294,0.12143,0.168586,0.0971522,0.045252,0.0349438,0.0222359,0.0390107,0.000993394,0.004176,0.0036749,0.0,0.0,0.0,0.0
#[d_gene,1]
%0.000494513,0.00360551,0.0256336,0.0146428,0.0506545,0.0762984,0.0822846,0.0509303,0.0968755,0.0816196,0.0548988,0.0542223,0.0935464,0.0912444,0.069199,0.0541857,0.0479512,0.0356101,0.00414731,0.00577523,0.00618003
#[d_gene,2]
%0.000703242,0.00462183,0.0319863,0.017104,0.0597069,0.0849655,0.0908117,0.0558992,0.109307,0.0897147,0.0564258,0.0516661,0.0613206,0.0429747,0.0394486,0.0875817,0.0710034,0.0302524,0.00372394,0.00504711,0.00573509
@j_5_del
$Dim[15,21]
#[j_choice,0]
%0.000410154,0.00176143,0.0122832,0.0422336,0.0565012,0.175902,0.0795035,0.114455,0.137165,0.116193,0.0709912,0.057334,0.0297008,0.0192867,0.0300468,0.0361095,0.00568614,0.00336517,0.00199083,0.00171162,0.00736805
#[j_choice,1]
%0.000299439,0.00091818,0.0104292,0.00528359,0.0446188,0.0486348,0.0814632,0.083256,0.214867,0.105425,0.0995216,0.0904159,0.150868,0.0219301,0.00930107,0.00420046,0.00475532,0.00580194,0.00489905,0.00302682,0.0100837
#[j_choice,2]
%0.000829774,0.0108266,0.0279978,0.0162879,0.265385,0.0741589,0.118945,0.0900496,0.159126,0.0756145,0.034042,0.0357921,0.0451473,0.0162678,0.00597826,0.00653641,0.00239346,0.000387768,0.00221354,0.00135643,0.0106633
#[j_choice,3]
%0.000395835,0.00284248,0.0166957,0.0355266,0.0632335,0.0237845,0.0412044,0.0632742,0.0987447,0.104461,0.0818135,0.139366,0.212228,0.0161135,0.0331582,0.0173167,0.010033,0.0101298,0.00724316,0.00309526,0.0193399
#[j_choice,4]
%9.66539e-05,0.00302546,0.0506764,0.0533688,0.052311,0.0710216,0.117535,0.105807,0.111253,0.122686,0.0988727,0.116317,0.0226439,0.0337504,0.00846344,0.018106,0.00352848,0.00174641,0.00130357,0.00305641,0.00443026
#[j_choice,5]
%0.0,0.0,0.0,0.0,0.0,0.0,0.0,0.0,0.0,0.0,0.0,0.0,0.0,0.0,4.85122e-14,0.0,6.60576e-11,2.54433e-12,0.0296873,0.956832,0.0134811
#[j_choice,6]
%0.000364144,0.015111,0.0511513,0.0134447,0.0299621,0.0280843,0.0227327,0.0351038,0.055138,0.0784749,0.0699289,0.176951,0.101418,0.0879344,0.132714,0.0274035,0.015992,0.0164469,0.0235224,0.00414713,0.013974
#[j_choice,7]
%0.000404728,0.00886802,0.0407209,0.0141221,0.0417433,0.0377963,0.055099,0.0691467,0.121921,0.117957,0.0980625,0.100487,0.118077,0.075716,0.0394834,0.0089094,0.01896,0.005322,0.00994611,0.0131457,0.00411186
#[j_choice,8]
%0.000283727,0.000645182,0.0094978,0.00691675,0.06564,0.0865022,0.100898,0.12605,0.15141,0.129747,0.128008,0.124178,0.0287892,0.0189604,0.00856212,0.00366583,0.00156327,0.00434675,0.000791147,0.0013128,0.00223162
#[j_choice,9]
%0.000144226,0.000529793,0.0395017,0.0248288,0.0546673,0.100304,0.227847,0.0972264,0.15092,0.0920299,0.104244,0.0427238,0.0214084,0.0103119,0.00932959,0.00709386,0.00203033,0.00290711,0.00368704,0.00180921,0.00645625
#[j_choice,10]
%0.000129013,0.00140091,0.0780104,0.117052,0.0729548,0.131871,0.075362,0.111236,0.050404,0.0673743,0.0629927,0.0477615,0.0751852,0.0406673,0.0106201,0.00453594,0.0083013,0.00454524,0.00812778,0.0121305,0.0193384
#[j_choice,11]
%4.79889e-05,0.000201893,0.019617,0.00626906,0.0124694,0.0711354,0.175574,0.135979,0.132369,0.283537,0.0589192,0.0455961,0.00721295,0.0124592,0.00514628,0.0140919,0.00404159,0.00353504,0.00189534,0.00291506,0.00698716
#[j_choice,12]
%0.00248834,0.00388544,0.0301399,0.0229177,0.31261,0.141533,0.173394,0.0695396,0.144205,0.038014,0.0164895,0.00863826,0.0054633,0.00690539,0.00302007,0.00290193,0.00474553,0.0031193,0.000465213,0.00100526,0.00851986
#[j_choice,13]
%0.000531162,0.0064458,0.027016,0.00681143,0.0712436,0.0525902,0.147375,0.21455,0.139732,0.117251,0.100795,0.061456,0.00941566,0.0157441,0.00338419,0.00503812,0.00607525,0.00215077,0.00311247,0.00408071,0.00520127
#[j_choice,14]
%0.00080053,0.00541804,0.0405644,0.00453324,0.0573019,0.0426671,0.125433,0.179466,0.147893,0.0869106,0.0906406,0.0815441,0.0096406,0.0179021,0.00693757,0.00672239,0.0107975,0.00017381,0.00351697,0.0063809,0.0747554
@d_3_del
$Dim[3,21,21]
#[d_gene,0],[d_5_del,0]
%0.0,6.96171e-10,0.000268302,0.000215579,0.00411082,0.0018545,0.0215031,0.050871,0.00945804,0.0133926,0.00812937,0.0129112,0.00711017,0.000225114,4.59215e-05,0.000229535,0.0072568,0.0389216,0.12582,0.308101,0.389575
#[d_gene,0],[d_5_del,1]
%3.70672e-05,1.65858e-07,0.000707406,0.00225486,0.0270127,0.0116713,0.0639688,0.169725,0.041903,0.131393,0.0820997,0.0803334,0.0327006,0.00081586,0.000196575,0.00233867,0.0379946,0.0710896,0.0720648,0.171693,0.0
#[d_gene,0],[d_5_del,2]
%0.000133569,5.7742e-05,0.00256571,0.00661583,0.0475367,0.0237822,0.0980096,0.275356,0.0798572,0.197559,0.12786,0.093683,0.0209746,0.000241591,3.33507e-05,0.000559835,0.00712778,0.0052057,0.0128399,0.0,0.0
#[d_gene,0],[d_5_del,3]
%0.000222763,0.000243155,0.00514528,0.00715472,0.0305664,0.0194143,0.079515,0.212859,0.0697981,0.207342,0.157233,0.123529,0.058151,0.000531279,7.07996e-05,0.00105786,0.00853407,0.0186313,0.0,0.0,0.0
#[d_gene,0],[d_5_del,4]
%3.07011e-05,0.000185783,0.00419889,0.00624297,0.0373502,0.0214115,0.0867284,0.217019,0.0859305,0.239478,0.111643,0.106734,0.0788518,0.000496858,7.9094e-05,0.000352906,0.0032664,0.0,0.0,0.0,0.0
#[d_gene,0],[d_5_del,5]
%2.56921e-06,7.96209e-05,0.00362346,0.00573769,0.0327232,0.0216837,0.0732438,0.235793,0.102223,0.226069,0.0723278,0.104394,0.118543,0.00110543,0.000702771,0.0017475,0.0,0.0,0.0,0.0,0.0
#[d_gene,0],[d_5_del,6]
%5.65346e-06,8.44619e-05,0.00337677,0.00744288,0.0407899,0.0254821,0.0782945,0.286497,0.135366,0.210628,0.0751851,0.129367,0.0065101,0.000318258,0.000652619,0.0,0.0,0.0,0.0,0.0,0.0
#[d_gene,0],[d_5_del,7]
%5.4045e-05,3.66415e-05,0.00608194,0.0119546,0.0566745,0.0331824,0.119138,0.333079,0.108785,0.137254,0.181367,0.0109579,0.0010595,0.00037481,0.0,0.0,0.0,0.0,0.0,0.0,0.0
#[d_gene,0],[d_5_del,8]
%3.51404e-06,4.96218e-05,0.00688465,0.00910619,0.0518136,0.041344,0.136489,0.319728,0.146294,0.277013,0.0103007,0.000844462,0.000128542,0.0,0.0,0.0,0.0,0.0,0.0,0.0,0.0
#[d_gene,0],[d_5_del,9]
%1.23587e-05,0.000112163,0.0103343,0.0183498,0.0714459,0.0900004,0.199928,0.25465,0.328645,0.025044,0.00133068,0.000147673,0.0,0.0,0.0,0.0,0.0,0.0,0.0,0.0,0.0
#[d_gene,0],[d_5_del,10]
%0.000247236,0.000418691,0.040438,0.0539223,0.0926166,0.214718,0.27255,0.307164,0.0160476,0.00171001,0.000166378,0.0,0.0,0.0,0.0,0.0,0.0,0.0,0.0,0.0,0.0
#[d_gene,0],[d_5_del,11]
%0.00044209,0.00126147,0.0231004,0.0610076,0.154053,0.351622,0.395762,0.011756,0.000736764,0.000259628,0.0,0.0,0.0,0.0,0.0,0.0,0.0,0.0,0.0,0.0,0.0
#[d_gene,0],[d_5_del,12]
%0.0017427,0.00151093,0.0145689,0.0783482,0.256011,0.620562,0.0234057,0.00239311,0.00145723,0.0,0.0,0.0,0.0,0.0,0.0,0.0,0.0,0.0,0.0,0.0,0.0
#[d_gene,0],[d_5_del,13]
%0.0,0.0050647,0.0127009,0.09892,0.853567,0.0233747,0.00265812,0.00371422,0.0,0.0,0.0,0.0,0.0,0.0,0.0,0.0,0.0,0.0,0.0,0.0,0.0
#[d_gene,0],[d_5_del,14]
%0.0,0.0,0.00251536,0.0160369,0.389106,0.153101,0.439242,0.0,0.0,0.0,0.0,0.0,0.0,0.0,0.0,0.0,0.0,0.0,0.0,0.0,0.0
#[d_gene,0],[d_5_del,15]
%0.0,0.0,0.0,0.0933601,0.491898,0.414742,0.0,0.0,0.0,0.0,0.0,0.0,0.0,0.0,0.0,0.0,0.0,0.0,0.0,0.0,0.0
#[d_gene,0],[d_5_del,16]
%0.0,0.0,0.0,0.0,1.0,0.0,0.0,0.0,0.0,0.0,0.0,0.0,0.0,0.0,0.0,0.0,0.0,0.0,0.0,0.0,0.0
#[d_gene,0],[d_5_del,17]
%0.0,0.0,0.0,0.0,0.0,0.0,0.0,0.0,0.0,0.0,0.0,0.0,0.0,0.0,0.0,0.0,0.0,0.0,0.0,0.0,0.0
#[d_gene,0],[d_5_del,18]
%0.0,0.0,0.0,0.0,0.0,0.0,0.0,0.0,0.0,0.0,0.0,0.0,0.0,0.0,0.0,0.0,0.0,0.0,0.0,0.0,0.0
#[d_gene,0],[d_5_del,19]
%0.0,0.0,0.0,0.0,0.0,0.0,0.0,0.0,0.0,0.0,0.0,0.0,0.0,0.0,0.0,0.0,0.0,0.0,0.0,0.0,0.0
#[d_gene,0],[d_5_del,20]
%0.0,0.0,0.0,0.0,0.0,0.0,0.0,0.0,0.0,0.0,0.0,0.0,0.0,0.0,0.0,0.0,0.0,0.0,0.0,0.0,0.0
#[d_gene,1],[d_5_del,0]
%0.0,0.00453117,6.88209e-05,0.000356313,0.00230795,0.0269045,0.0482057,0.007872,0.0174019,0.0314987,0.0466647,0.0148111,0.02489,0.0412766,0.024594,0.150196,0.0829866,0.00113366,0.000621405,0.0250167,0.448662
#[d_gene,1],[d_5_del,1]
%0.0,0.000613318,0.00274827,0.00280322,0.00252279,0.028948,0.0259981,0.0106406,0.0335398,0.0476528,0.0251977,0.0295372,0.0407895,0.0203527,0.0349525,0.194714,0.0819045,0.00213069,0.0009448,0.0255394,0.388471
#[d_gene,1],[d_5_del,2]
%1.00577e-05,0.000446142,0.0176772,0.0125582,0.0126412,0.0351644,0.0384127,0.0255127,0.0384943,0.0703664,0.0541177,0.0590053,0.087371,0.0330954,0.0653373,0.323103,0.0595943,0.00071555,0.000181748,0.00658694,0.0596081
#[d_gene,1],[d_5_del,3]
%3.95065e-09,0.000120544,0.00963482,0.0141243,0.0066101,0.0212028,0.0440222,0.0236813,0.0272842,0.0547572,0.0361986,0.0468707,0.0523209,0.0250095,0.0724232,0.308663,0.160018,0.00134326,0.000352438,0.00928535,0.0860776
#[d_gene,1],[d_5_del,4]
%5.94427e-06,7.08094e-05,0.00901988,0.0178021,0.00627445,0.0349602,0.047606,0.0545711,0.0382279,0.0758626,0.0518006,0.0450771,0.0503057,0.0241938,0.058916,0.260587,0.166466,0.000982023,0.00039676,0.00410888,0.0527658
#[d_gene,1],[d_5_del,5]
%6.2442e-08,4.54029e-06,0.00636248,0.0139332,0.0108912,0.0456752,0.0615671,0.0676423,0.0462094,0.0729972,0.0338124,0.0439654,0.0467823,0.0159011,0.0441339,0.241298,0.222396,0.00261642,0.00466627,0.019145,0.0
#[d_gene,1],[d_5_del,6]
%1.7107e-05,0.000170525,0.0115278,0.0159201,0.011185,0.06203,0.0931776,0.0851984,0.0581693,0.0729619,0.0348987,0.0519958,0.058081,0.0156267,0.0563637,0.336572,0.0231379,0.00282085,0.0101456,0.0,0.0
#[d_gene,1],[d_5_del,7]
%4.36866e-05,0.000142897,0.0107537,0.0243467,0.0178508,0.0655051,0.102406,0.081022,0.048646,0.0771015,0.0486595,0.0385515,0.0519809,0.0407496,0.340744,0.0357327,0.00863577,0.00712822,0.0,0.0,0.0
#[d_gene,1],[d_5_del,8]
%1.94749e-05,0.000180738,0.0170711,0.025098,0.0221128,0.0809875,0.122355,0.105183,0.0726033,0.106527,0.0559237,0.0497313,0.0662192,0.246797,0.0241092,0.00342552,0.00165524,0.0,0.0,0.0,0.0
#[d_gene,1],[d_5_del,9]
%3.7994e-05,0.000416884,0.0174444,0.0275118,0.0220952,0.090692,0.103614,0.109716,0.0591785,0.0609617,0.0316299,0.0511936,0.367603,0.0521004,0.00498631,0.000818091,0.0,0.0,0.0,0.0,0.0
#[d_gene,1],[d_5_del,10]
%0.000101647,0.000761018,0.0233552,0.0362785,0.0298318,0.0991694,0.126632,0.117649,0.0594006,0.0693744,0.0620535,0.346373,0.0253884,0.00292422,0.000706028,0.0,0.0,0.0,0.0,0.0,0.0
#[d_gene,1],[d_5_del,11]
%9.33421e-05,0.000658955,0.0324455,0.0367263,0.0381705,0.112472,0.122737,0.14248,0.0913441,0.152966,0.236261,0.0312487,0.00188588,0.000512257,0.0,0.0,0.0,0.0,0.0,0.0,0.0
#[d_gene,1],[d_5_del,12]
%4.39932e-05,0.00019005,0.00472148,0.0113949,0.0436969,0.0682375,0.089432,0.126954,0.112294,0.513793,0.0240658,0.00476741,0.000408334,0.0,0.0,0.0,0.0,0.0,0.0,0.0,0.0
#[d_gene,1],[d_5_del,13]
%0.000570858,0.00163569,0.0182325,0.0859669,0.235271,0.153043,0.131886,0.165132,0.180722,0.0247037,0.00176032,0.00107547,0.0,0.0,0.0,0.0,0.0,0.0,0.0,0.0,0.0
#[d_gene,1],[d_5_del,14]
%0.00283415,0.00769164,0.0312434,0.108857,0.201601,0.173544,0.217383,0.238106,0.0127724,0.00347282,0.0024939,0.0,0.0,0.0,0.0,0.0,0.0,0.0,0.0,0.0,0.0
#[d_gene,1],[d_5_del,15]
%0.00661381,0.014274,0.0452761,0.10698,0.220928,0.277132,0.303794,0.0150674,0.00351296,0.00642232,0.0,0.0,0.0,0.0,0.0,0.0,0.0,0.0,0.0,0.0,0.0
#[d_gene,1],[d_5_del,16]
%0.0137351,0.0261611,0.093343,0.157225,0.312443,0.34308,0.0228347,0.0122428,0.0189359,0.0,0.0,0.0,0.0,0.0,0.0,0.0,0.0,0.0,0.0,0.0,0.0
#[d_gene,1],[d_5_del,17]
%0.0,0.0748537,0.154908,0.206743,0.460875,0.0309471,0.0213014,0.0503721,0.0,0.0,0.0,0.0,0.0,0.0,0.0,0.0,0.0,0.0,0.0,0.0,0.0
#[d_gene,1],[d_5_del,18]
%0.0,0.0,0.0381264,0.024705,0.0667801,0.188924,0.681465,0.0,0.0,0.0,0.0,0.0,0.0,0.0,0.0,0.0,0.0,0.0,0.0,0.0,0.0
#[d_gene,1],[d_5_del,19]
%0.0,0.0,0.0,0.0380512,0.145807,0.816142,0.0,0.0,0.0,0.0,0.0,0.0,0.0,0.0,0.0,0.0,0.0,0.0,0.0,0.0,0.0
#[d_gene,1],[d_5_del,20]
%0.0,0.0,0.0,0.0,1.0,0.0,0.0,0.0,0.0,0.0,0.0,0.0,0.0,0.0,0.0,0.0,0.0,0.0,0.0,0.0,0.0
#[d_gene,2],[d_5_del,0]
%0.0,1.91787e-05,0.00758138,0.0247299,0.0177846,0.0219059,0.0439802,0.0206997,0.0158436,0.0273418,0.0481435,0.0163575,0.0226491,0.0313874,0.0186505,0.101387,0.049879,0.000997031,0.000984557,0.0418456,0.487832
#[d_gene,2],[d_5_del,1]
%0.0,0.000303188,0.0152722,0.00107405,0.00291295,0.0156624,0.0798305,0.0334709,0.0305784,0.0424831,0.0254764,0.0314594,0.0403963,0.0182243,0.0290263,0.143361,0.0561517,0.00136463,0.000772221,0.0275293,0.40465
#[d_gene,2],[d_5_del,2]
%4.4194e-06,0.00103267,0.0219416,0.00993547,0.00811841,0.0206258,0.107196,0.0681796,0.0371298,0.0697203,0.0541497,0.0612072,0.0872809,0.0316859,0.0559447,0.24799,0.0417582,0.00050156,0.000152518,0.00835057,0.067094
#[d_gene,2],[d_5_del,3]
%4.60664e-05,0.00127185,0.00985795,0.00408567,0.0119542,0.0206529,0.0834497,0.0553577,0.0282672,0.0586752,0.0394547,0.0508314,0.0551298,0.0242893,0.0627583,0.246626,0.125348,0.00119714,0.000375349,0.014066,0.106306
#[d_gene,2],[d_5_del,4]
%0.000240257,0.00140684,0.0222254,0.00354669,0.0112157,0.0192345,0.136348,0.0820746,0.0390683,0.0796269,0.0540373,0.0459684,0.0505414,0.022437,0.0493768,0.197879,0.118081,0.000776229,0.000452093,0.00560737,0.0598573
#[d_gene,2],[d_5_del,5]
%0.000128436,0.00118796,0.0211097,0.00388549,0.0105767,0.0248256,0.142612,0.096902,0.0489548,0.0781313,0.0367296,0.0456429,0.0473577,0.0153299,0.0377921,0.187574,0.159698,0.00275897,0.00705856,0.0317437,0.0
#[d_gene,2],[d_5_del,6]
%0.000142508,0.000477117,0.0285846,0.00750686,0.0109931,0.0266666,0.172016,0.0839283,0.0630803,0.0790924,0.038963,0.0548434,0.058678,0.0148578,0.04659,0.263395,0.0224504,0.00549096,0.0222436,0.0,0.0
#[d_gene,2],[d_5_del,7]
%0.000636848,0.00220019,0.0378917,0.00758779,0.0118957,0.030251,0.164318,0.0816299,0.0530753,0.0837906,0.0528184,0.0398404,0.0493436,0.0348777,0.267294,0.0391163,0.0207306,0.0227022,0.0,0.0,0.0
#[d_gene,2],[d_5_del,8]
%0.000198035,0.00181991,0.0319266,0.00819291,0.0121935,0.0454986,0.206625,0.104297,0.0775045,0.110904,0.0578718,0.048293,0.056133,0.184244,0.0351007,0.0111013,0.00809651,0.0,0.0,0.0,0.0
#[d_gene,2],[d_5_del,9]
%0.000340296,0.00273376,0.0466332,0.0181376,0.0194321,0.0479662,0.204075,0.0997092,0.0633913,0.0635479,0.0318275,0.0449934,0.27591,0.0558105,0.0193736,0.00611886,0.0,0.0,0.0,0.0,0.0
#[d_gene,2],[d_5_del,10]
%0.000157136,0.00308772,0.0470936,0.0158654,0.0243101,0.0517354,0.259617,0.0841966,0.0603604,0.0679521,0.0562018,0.289705,0.0246725,0.00814151,0.00690467,0.0,0.0,0.0,0.0,0.0,0.0
#[d_gene,2],[d_5_del,11]
%0.000644139,0.00401913,0.066061,0.0209518,0.0316293,0.0725947,0.267718,0.059772,0.0889859,0.141311,0.204292,0.0331497,0.00386915,0.00500236,0.0,0.0,0.0,0.0,0.0,0.0,0.0
#[d_gene,2],[d_5_del,12]
%0.000156582,0.00141564,0.0246059,0.0047005,0.0141711,0.0195286,0.0713073,0.0364924,0.144471,0.632318,0.0352211,0.011877,0.00373483,0.0,0.0,0.0,0.0,0.0,0.0,0.0,0.0
#[d_gene,2],[d_5_del,13]
%0.000237376,0.00316071,0.0369334,0.0202902,0.144218,0.107112,0.155714,0.166984,0.313125,0.0415086,0.00446946,0.00624644,0.0,0.0,0.0,0.0,0.0,0.0,0.0,0.0,0.0
#[d_gene,2],[d_5_del,14]
%0.000282922,0.00146896,0.010177,0.013016,0.19099,0.171843,0.237331,0.346043,0.0169842,0.00534041,0.00652265,0.0,0.0,0.0,0.0,0.0,0.0,0.0,0.0,0.0,0.0
#[d_gene,2],[d_5_del,15]
%0.00024653,0.000735638,0.00472486,0.0128332,0.153771,0.201873,0.584952,0.0337266,0.00276051,0.00437716,0.0,0.0,0.0,0.0,0.0,0.0,0.0,0.0,0.0,0.0,0.0
#[d_gene,2],[d_5_del,16]
%0.00285108,0.0141167,0.0270571,0.0641485,0.3393,0.482343,0.0408058,0.0182766,0.0111015,0.0,0.0,0.0,0.0,0.0,0.0,0.0,0.0,0.0,0.0,0.0,0.0
#[d_gene,2],[d_5_del,17]
%0.0,0.0703426,0.15419,0.206559,0.443676,0.0442217,0.028774,0.0522377,0.0,0.0,0.0,0.0,0.0,0.0,0.0,0.0,0.0,0.0,0.0,0.0,0.0
#[d_gene,2],[d_5_del,18]
%0.0,0.0,0.0391041,0.0245237,0.060872,0.21034,0.665161,0.0,0.0,0.0,0.0,0.0,0.0,0.0,0.0,0.0,0.0,0.0,0.0,0.0,0.0
#[d_gene,2],[d_5_del,19]
%0.0,0.0,0.0,0.0369317,0.134385,0.828683,0.0,0.0,0.0,0.0,0.0,0.0,0.0,0.0,0.0,0.0,0.0,0.0,0.0,0.0,0.0
#[d_gene,2],[d_5_del,20]
%0.0,0.0,0.0,0.0,1.0,0.0,0.0,0.0,0.0,0.0,0.0,0.0,0.0,0.0,0.0,0.0,0.0,0.0,0.0,0.0,0.0
@vd_ins
$Dim[41]
#
%0.0523727,0.060438,0.0965312,0.125125,0.137507,0.10687,0.0878266,0.0755805,0.0633198,0.0505801,0.0390259,0.0295148,0.0219425,0.0155272,0.0108259,0.00753138,0.00568574,0.00384523,0.0028693,0.00187102,0.00141415,0.000990778,0.00074325,0.000513607,0.000440687,0.00030036,0.000215595,0.000143814,8.8527e-05,7.4755e-05,6.57202e-05,6.7397e-05,4.08459e-05,3.91847e-05,8.81638e-06,2.00714e-05,6.35054e-06,2.60525e-06,3.00677e-06,1.55131e-05,1.44683e-05
@vd_dinucl
$Dim[16]
#
%0.28,0.261314,0.264424,0.194262,0.151079,0.464261,0.193214,0.191446,0.234778,0.188906,0.381053,0.195263,0.225589,0.3188,0.195767,0.259844
@dj_ins
$Dim[41]
#
%0.0779956,0.0660893,0.0947284,0.118784,0.131531,0.117934,0.0924965,0.0721141,0.0548772,0.0431502,0.0335833,0.0256446,0.019631,0.0141096,0.010419,0.00744792,0.00528856,0.00392822,0.00269027,0.0019543,0.00137828,0.00107105,0.000767039,0.000560864,0.000504592,0.000363104,0.000209384,0.000168269,0.00010204,8.28189e-05,9.10482e-05,6.94999e-05,5.50524e-05,5.22656e-05,4.44002e-05,2.71055e-05,9.82142e-06,7.40003e-06,2.27856e-05,1.68186e-06,1.4407e-05
@dj_dinucl
$Dim[16]
#
%0.276791,0.16764,0.345744,0.209824,0.218769,0.333532,0.212889,0.23481,0.231762,0.172117,0.439708,0.156413,0.212539,0.241294,0.265624,0.280543
